# Overview

This branch holds the naive approach. Notice that the program's name is "matmul_opt.c". This name is being used just for consistency accross other branches.

## Output when n = 10

Here is the matrix A:

      4.00       5.00       6.00       7.00       8.00       9.00      10.00      11.00      12.00      13.00
      5.00       6.00       7.00       8.00       9.00      10.00      11.00      12.00      13.00      14.00
      6.00       7.00       8.00       9.00      10.00      11.00      12.00      13.00      14.00      15.00
      7.00       8.00       9.00      10.00      11.00      12.00      13.00      14.00      15.00      16.00
      8.00       9.00      10.00      11.00      12.00      13.00      14.00      15.00      16.00      17.00
      9.00      10.00      11.00      12.00      13.00      14.00      15.00      16.00      17.00      18.00
     10.00      11.00      12.00      13.00      14.00      15.00      16.00      17.00      18.00      19.00
     11.00      12.00      13.00      14.00      15.00      16.00      17.00      18.00      19.00      20.00
     12.00      13.00      14.00      15.00      16.00      17.00      18.00      19.00      20.00      21.00
     13.00      14.00      15.00      16.00      17.00      18.00      19.00      20.00      21.00      22.00
Here is the matrix B:

      5.00      6.00      7.00      8.00      9.00     10.00     11.00     12.00     13.00     14.00
      6.00      7.00      8.00      9.00     10.00     11.00     12.00     13.00     14.00     15.00
      7.00      8.00      9.00     10.00     11.00     12.00     13.00     14.00     15.00     16.00
      8.00      9.00     10.00     11.00     12.00     13.00     14.00     15.00     16.00     17.00
      9.00     10.00     11.00     12.00     13.00     14.00     15.00     16.00     17.00     18.00
     10.00     11.00     12.00     13.00     14.00     15.00     16.00     17.00     18.00     19.00
     11.00     12.00     13.00     14.00     15.00     16.00     17.00     18.00     19.00     20.00
     12.00     13.00     14.00     15.00     16.00     17.00     18.00     19.00     20.00     21.00
     13.00     14.00     15.00     16.00     17.00     18.00     19.00     20.00     21.00     22.00
     14.00     15.00     16.00     17.00     18.00     19.00     20.00     21.00     22.00     23.00
Here is the matrix C:

    890.00    975.00   1060.00   1145.00   1230.00   1315.00   1400.00   1485.00   1570.00   1655.00
    985.00   1080.00   1175.00   1270.00   1365.00   1460.00   1555.00   1650.00   1745.00   1840.00
   1080.00   1185.00   1290.00   1395.00   1500.00   1605.00   1710.00   1815.00   1920.00   2025.00
   1175.00   1290.00   1405.00   1520.00   1635.00   1750.00   1865.00   1980.00   2095.00   2210.00
   1270.00   1395.00   1520.00   1645.00   1770.00   1895.00   2020.00   2145.00   2270.00   2395.00
   1365.00   1500.00   1635.00   1770.00   1905.00   2040.00   2175.00   2310.00   2445.00   2580.00
   1460.00   1605.00   1750.00   1895.00   2040.00   2185.00   2330.00   2475.00   2620.00   2765.00
   1555.00   1710.00   1865.00   2020.00   2175.00   2330.00   2485.00   2640.00   2795.00   2950.00
   1650.00   1815.00   1980.00   2145.00   2310.00   2475.00   2640.00   2805.00   2970.00   3135.00
   1745.00   1920.00   2095.00   2270.00   2445.00   2620.00   2795.00   2970.00   3145.00   3320.00